41548209
41544104
41512024
41504338
41490523
41472208
41444280
41429004
41408089
41398153
41392919
41385779
41381528
41380334
41372193
41361825
41346317
41343299
41315214
41315053
41305503
41297003
41258791
41246384
41237415
41232215
41231533
41231009
41226658
41190812
41188942
41185563
41171475
41171160
41162231
41157671
41157646
41157640
41157635
41157633
41157622
41157590
41134898
41116245
41115824
41106464
41097380
41094140
41083110
41077876
41069450
41036007
41022850
41012599
41011850
41011828
41011764
40998018
40989635
40989185
40987410
40986540
40985717
40974095
40966411
40955037
40952347
40952243
40951309
40919902
40911554
40900100
40899958
40889116
40888033
40872267
40872834
40872303
40843278
40818301
40795193
40788041
40782548
40776897
40772603
40753684
40752201
40750617
40749797
40748960
40747555
40746183
40733634
40733572
40733542
40732684
40732656
40729815
40697881
40694591
40684885
40679911
40671613
40671507
40669846
40669842
40640756
40640732
40633557
40633556
40632842
40626651
40623098
40618079
40597331
40581106
40576308
40573388
40573377
40545180
40541931
40523127
40521889
40513042
40511915
40489557
40476289
40474192
40465371
40464577
40464562
40458883
40453867
40452165
40439499
40431745
40431744
40431696
40431670
40431647
40431645
40431644
40430789
40425586
40414601
40401351
40391939
40383519
40376819
40369040
40365534
40360235
40353570
40347502
40340397
40338114
40326336
40324597
40324596
40323677
40315333
40311646
40305301
40303175
40303172
40303135
40303114
40303097
40303095
40303090
40303050
40302742
40302740
40302737
40285026
40284969
40280912
40271995
40251629
40232794
40207931
40180581
40178199
40143444
40143242
40143220
40141383
40139184
40130325
40069883
40065520
40064473
40049527
40044729
40040347
40023394
40020189
40008897
40007025
40006961
40006940
40006908
40005519
39992139
39987161
39983677
39978327
39977319
39964293
39960388
39945729
39938188
39930519
39929974
39894372
39868968
39868964
39861862
39841843
39835898
39823310
39817666
39817459
39809757
39803980
39791909
39790075
39781889
39779578
39774646
39772262
39772128
39748885
39746614
39743587
39737954
39737909
39736322
39730318
39725881
39706340
39688435
39679681
39676676
39668766
39668762
39663148
39661025
39648950
39636969
39635219
39629997
39627283
39625816
39611844
39610402
39601280
39599782
39599776
39599771
39599770
39599562
39593174
39584394
39570060
39567587
39562538
39557155
39552448
39535188
39533190
39532594
39530665
39530458
39528494
39526773
39515637
39509510
39499954
39495016
39485726
39486158
39477971
39472594
39471134
39467572
39459976
39459891
39459850
39452717
39443295
39417306
39396573
39395428
39387556
39379445
39378870
39362411
39358703
39354058
39339943
39339892
39339881
39339833
39328158
39319780
39307848
39288609
39288111
39287422
39278103
39259887
39248597
39247193
39240570
39240548
39240070
39232670
39232170
39227574
39221652
39216409
39207215
39205274
39193629
39193626
39190545
39173919
39152215
39143912
39138310
39127127
39117662
39106825
39106453
39094981
39090685
39079210
39066308
39066271
39062628
39047913
39043566
39043028
39032493
39012149
39008278
39008139
39003988
39003741
39002800
38987389
38986873
38986148
38979510
38975739
38970562
38969237
38965616
38964332
38956597
38945434
38941966
38932250
38932187
38932174
38932165
38932133
38922326
38917688
38916572
38914042
38906223
38904365
38904109
38902400
38896308
38890325
38889725
38880334
38871182
38861554
38848249
38846750
38830409
38829903
38824508
38806597
38795911
38793579
38793574
38787232
38785423
38781927
38773480
38772446
38768710
38750014
38739614
38734891
38734029
38724525
38712512
38703023
38703022
38695722
38679333
38675967
38675939
38675910
38670113
38668289
38668288
38664395
38640701
38640498
38632687
38629574
38626244
38625394
38600529
38582892
38581279
38574415
38572517
38567703
38554473
38543754
38543733
38543724
38543722
38543719
38543694
38517705
38508151
38494746
38493791
38490580
40303193
38478379
38470155
38470143
38467378
38466094
38448981
38446039
40303071
38423254
40303032
38417340
38413243
38407436
38400060
38399998
38399984
38387887
40303124
38377132
38376830
38358287
40303013
38351134
40303180
38346538
38321046
38318163
38314064
38309471
38307019
38305177
38290826
38288510
38286065
38276147
38259077
38251390
38246238
38242367
38216710
38215495
38206008
38189114
38158742
38142890
38140613
38140596
38139214
38126386
38112470
38112157
38110691
38103528
38102198
38097456
38054704
38044871
38005891
37990831
37987605
37982626
37979619
37977084
37966679
37966008
37952465
37904640
37896808
37882522
37855904
37850154
37843369
37824247
37817300
37804607
37800947
37789451
37780850
37774126
37772870
37770028
37768676
37768560
37766550
37766299
37766272
37766243
37754760
37707981
37669665
37639445
37622753
37604021
37589241
37585307
37567255
37565466
37552753
37550992
37535475
37535474
37535471
37515281
37515233
37515193
37498825
37494978
40303673
37490957
37487166
37483933
37470510
37467282
37440348
40303694
37436988
37404185
40303727
37379514
37376703
37376688
37376682
37369282
37358418
37353648
37347825
37347504
37341495
37335000
37331816
37310882
37307646
37297634
37295511
37290559
37289052
37269978
37267711
37266848
37264694
37258672
37254689
37248261
37246148
37243240
37243207
37243179
37237356
37225865
37211247
37209677
37209424
37208300
37204922
37201592
37196010
37193732
37191631
37104901
37086864
37069608
40303705
40303677
37042611
37015946
36992443
36952488
36934147
36918379
36913995
36913241
36881656
36881645
36880345
36877121
36858600
40303760
36851790
36851676
36851597
36851547
36851507
36846456
36843223
36832544
40303702
36781818
36769336
36757481
36753938
36749072
36737756
36706806
36703230
36695488
36688676
36680078
36651046
36649176
36640354
36632773
36614125
36602303
36600043
36587605
36581046
36573541
36573518
36560870
36560837
36560811
36560728
36560693
36560687
36560628
36560605
36518286
36475876
36461007
36440484
36436557
36434502
36423573
36423183
36422849
36417959
36409285
36371185
36367115
36366552
36366512
36357398
36342296
36336273
36328956
36317880
36314919
36307418
36298805
36298771
36298722
36293099
36287543
36284964
36283676
36275680
36268570
36265796
36261139
36252504
36239465
36234966
36224196
36220485
36208830
36205917
36190240
36187691
36171475
36171388
36161777
36155668
36154657
36150006
36146881
36146838
36146708
36146657
36144655
36142740
36126884
36115880
36115379
36102524
36098511
36093829
36054919
36038008
36037827
36016379
36016374
35993811
35974285
35969783
35962315
35953803
35938724
35916512
35891566
35891464
35891409
35891391
35889251
35879873
35876682
35867563
35862978
35862707
35862690
35848484
35836366
35831293
35830486
35821511
35820171
35766502
35746727
35746626
35738347
35731193
35731188
35726917
35706014
35699072
35682982
35680129
35671300
35666770
35662093
35654078
35642480
35632832
35632783
35632771
35632743
35632700
35632659
35627294
35614123
35609620
35608874
35605026
35594785
35588275
35580801
35544798
35536868
35513274
35511288
35476714
35458555
35458477
35458458
35458455
35458448
35451353
35451231
35447059
35447054
35446151
35446114
35395408
35392932
35389243
35380505
35337050
35336936
35336916
35302933
35292289
35286149
35268746
35268741
35262375
35256921
35234570
35215873
35171076
35164866
35150239
35150205
35136109
35126379
35123509
35107326
35078489
35062320
35062251
35046385
35045267
35044215
35044213
35038728
35019727
35019707
35019669
35001520
34985907
34980710
34960793
34960689
34960626
34958264
34937172
34919598
34906050
34898597
34893876
34878407
34872354
34835084
34835082
34835080
34835066
34834997
34834932
34833886
34825854
34824350
34817041
34809451
34808085
34787451
34773868
34773048
34767579
34761535
34757846
34753400
34748882
34734387
34732610
34728687
34726594
34724353
34709136
34702977
34696517
34696516
34696486
34696386
34696349
34696326
34670656
34670650
34666614
34625868
34595553
34586866
34585974
34578433
34578314
34576230
34550771
34526415
34523991
34521834
34498543
34493178
34477544
34475872
34468519
34452498
34452449
34452430
34452416
34452311
34448455
34438407
34427541
34392820
34388979
34381119
34379778
34379513
34364995
34342576
34337007
34313225
34288514
34287138
34260340
34246113
34240696
34232725
34232513
34225490
34207098
34206520
34201862
34199847
34199456
34197564
34170087
34156583
34153082
34152954
34142650
34106413
34072256
34071094
34070388
34068495
34068322
34067187
34065839
34065033
34062844
34061908
34052230
34050216
34049549
34049471
34020222
34013854
34013789
34003843
34000420
33976217
33975931
33974230
33962680
33956888
33919410
33919124
33918166
33905456
33888738
33875471
33866955
33863907
33834988
33827947
33823287
33782005
33774937
33754986
33754959
33749787
33741916
33740981
33739353
33735274
33731472
33724414
33713731
33712573
33673635
33673017
33666526
33655656
33633224
33586810
33581212
33571140
33567525
33563825
33522695
33518109
33498851
33496244
33495348
33467981
33463525
33452423
33451024
33439885
33437008
33430903
33413356
33408229
33408177
33400615
33375376
33367650
33351916
33351086
33348831
33335272
33327524
33323511
33314755
33291548
33277593
33276361
33253936
33248127
33239647
33219794
33219648
33219213
33213486
33211775
33202972
33199784
33188057
33179567
33174838
33154243
33144323
33139731
33126529
33115872
33099886
33068234
33055248
33054595
33049959
33044658
33038626
33030424
33028722
33025774
33022948
33014888
33003329
32999022
32992529
32990724
32987032
32967956
32948009
32946496
32928891
32927910
32926330
32907981
32906666
32895707
32886788
32873642
32868846
32866218
32859915
32853849
32853241
32848003
32839404
32798601
32796071
32783078
32780760
32769208
32750468
32750260
32735094
32728042
32721992
32721380
32720752
32709116
32699272
32699084
32686602
32680533
32679903
32666894
32664683
32647286
32641475
32639985
32638231
32631440
32631240
32624252
32619306
32611751
32611549
32601207
32599753
32596447
32584807
32579578
32574689
32568059
32558378
32555740
32552884
32545281
32519938
32511081
32492965
32486222
32485821
32483655
32475868
32471335
32468676
32459617
32430568
32423002
32393488
32385724
32365515
32353252
32350323
32350072
32349760
32349121
32321815
32321814
32312185
32298389
32295920
32286409
32286174
32284377
32276045
32266788
32234073
32231159
32229237
32224899
32217734
32215564
32210274
32193996
32191770
32188732
32188100
32183621
32182849
32178606
32168921
32161289
32161172
32159230
32144244
32143363
32130243
32125678
32075928
32075579
32069282
32064779
32059510
32058677
32056049
32051275
32045419
32024713
32013144
32004620
31996432
31995405
31988203
31982962
31973709
31964650
31961906
31957664
31952218
31951818
31951644
31951605
31948040
31945316
31943817
31943329
31940999
31940955
31939392
31936820
31936692
31917822
31906961
31906591
31906472
31894969
31888438
31875553
31875046
31871234
31871151
31862196
31855539
31852473
31851929
31851878
31848356
31826928
31817585
31815962
31815945
31810633
31810278
31804522
31801929
31801858
31790143
31788978
31783761
31776280
31767949
31765821
31760087
31757953
31750915
31747596
31742537
31742535
31742528
31742520
31742519
31725751
31719554
31718675
31717865
31717638
31717636
31717393
31707455
31694941
31694513
31669761
31669593
31666492
31666373
31666126
31661383
31661057
31652870
31645453
31634645
31629602
31625867
31604969
31603050
31600990
31600274
31600182
31597771
31597767
31597765
31590265
31586866
31578251
31575766
31574080
31560055
31541547
31538920
31538914
31534045
31531353
31530680
31526249
31521467
31513638
31511393
31500967
31499209
31496532
31495283
31484755
31478603
31477028
31462570
31431210
31428925
31424009
31419295
31404069
31401467
31400550
31387995
31381759
31366399
31360657
31329089
31323023
31312199
31310233
31305236
31302878
31290388
31277451
31270231
31267843
31266874
31266524
31265471
31251478
31247246
31242907
31242207
31241237
31226666
31220057
31203585
31195615
31187583
31184871
31181126
31176062
31175183
31165743
31164049
31159210
31151913
31151205
31139182
31138362
31118431
31117981
31110840
31097731
31084471
31071540
31068421
31068040
31059176
31056057
31056053
31048269
31041403
31038123
31036910
31034753
31030840
31019053
31019050
31017567
31014196
31003122
31000776
31000492
30996092
30995476
30993315
30987023
30971204
30967460
30941436
30940704
30930001
30926297
30924394
30914078
30909490
30899256
30885512
30867305
30866780
30866772
30854550
30849093
30834715
30814288
30804469
30799182
30797966
30789142
30785912
30771405
30763296
30755292
30754701
30737282
30735910
30715469
30715467
30715413
30715373
30715357
30715352
30714323
30700609
30695992
30674734
30670144
30670142
30666923
30651284
30640922
30634394
30629691
30621708
30610572
30602610
30599081
30594968
30593376
30575785
30569291
30567980
30561311
30560545
30548432
30541895
30535315
30533399
30506563
30509291
30482896
30463961
30463209
30457528
30457524
30451977
30442892
30428545
30425238
30407904
30401826
30400276
30389547
30382842
30381492
30381484
30375075
30359347
30355693
30355680
30355336
30353096
30353004
30352857
30328579
30322895
30316915
30305359
30305184
30285871
30282714
30269969
30265699
30258006
30245737
30240957
30236990
30232169
30226185
30226181
30226167
30226157
30218485
30217093
30216671
30210069
30208108
30195069
30190477
30173498
30169762
30166556
30165308
30154345
30154240
30142572
30138834
30135514
30131494
30113030
30111851
30111290
30104379
30102740
30089692
30087171
30084768
30081492
30075357
30073287
30067808
30067195
30054993
30053826
30053389
30048502
30028133
30024940
30021892
30015611
30014856
30013138
30003086
29999501
29997206
29992986
29980172
29970470
29969454
29968780
29966263
29945220
29943727
29941893
29933553
29931183
29925896
29925655
29912711
29912710
29912683
29902433
29899102
29899093
29895932
29891600
29879098
29875251
29875249
29875234
29871917
29864388
29855467
29848588
29799746
29797225
29796944
29795677
29790921
29783694
29774842
29769347
29765037
29764421
29749408
29746492
29742168
29738825
29732752
29728621
29719539
29717109
29716518
29701027
29691381
29688498
29688481
29688302
29677653
29670093
29669294
29667576
29664931
29662313
29659927
29650021
29642453
29642288
29641358
29636458
29636078
29630683
29624873
29624498
29621333
29619922
29610325
29593268
29593259
29593225
29587792
29587786
29587397
29577370
29571708
29569430
29569429
29563296
29563293
29563292
29563291
29553313
29545578
29545521
29542865
29534854
29520341
29518414
29511200
29511175
29510698
29508189
29493494
29491160
29489060
29475785
29471464
29470165
29463346
29460729
29453058
29447145
29438322
29433792
29425232
29410505
29410395
29396439
29386621
29386534
29367723
29366299
29363279
29362400
29356618
29341607
29338047
29324781
29324680
29324360
29321538
29311555
29310750
29305549
29295514
29286299
29260686
29259328
29258649
29255273
29252990
29248796
29244017
29237998
29237841
29237829
29236050
29216030
29212933
29212927
29210473
29184157
29183552
29176564
29168447
29166978
29162128
29148400
29148396
29148388
29148372
29118117
29112968
29104171
29102115
29100932
29097696
29085020
29070700
29070694
29065855
29059230
29058649
29052126
29046451
29029166
29023947
29021518
29020163
28993601
28986103
28980894
28956760
28951584
28951329
28949290
28948867
28940727
28934455
28934454
28931674
28931605
28930520
28928377
28923071
28915920
28900762
28900157
28900145
28900138
28899310
28892736
28889970
28885544
28883554
28877243
28877235
28874792
28866238
28864473
28863277
28859270
28858604
28855633
28854600
28837690
28835506
28830452
28830350
28820376
28814737
28814525
28814518
28813663
28807912
28802866
28792671
28791803
28783091
28780977
28778830
28775271
28771619
28770175
28768203
28758634
28756116
28750037
28738865
28733290
28721841
28715148
28708860
28708485
28694323
28692701
28692316
28690288
28686463
28675835
28672275
28669354
28662365
28662019
28661831
28653624
28646559
28637755
28637754
28623934
28618270
28617868
28612701
28609260
28600949
28598328
28597818
28591230
28589097
28581455
28549236
28545432
28542417
28537245
28518040
28518029
28504265
28502086
28498306
28494845
28484283
28473725
28468875
28456020
28433777
28430779
28418904
28418242
28415629
28410396
28404848
28404845
28400591
28386114
28383669
28380120
28377100
28375167
28367767
28356530
28344335
28337863
28335552
28331085
28331081
28331080
28327168
28325922
28323070
28322695
28316230
28301927
28294126
28292661
28292308
28279345
28277218
28274236
28257427
28251891
28251889
28245902
28245096
28240976
28222765
28222327
28207684
28202755
28202753
28189564
28182419
28173821
28170397
28169827
28166830
28164446
28158271
28148803
28148793
28141862
28141594
28139546
28132927
28128091
28117657
28117031
28107403
28098546
28098392
28094780
28094330
28087313
28084423
28084214
28079520
28060851
28060291
28053101
28046097
28038412
28034300
28033315
28017661
28004801
28004772
28003485
28003482
28003481
27999425
27997573
27980256
27977644
27966593
27933797
27931136
27928015
27927274
27924808
27922116
27916476
27914853
27903065
27902350
27897216
27889648
27886255
27875109
27869615
27869613
27861557
27860313
27852855
27847354
27830688
27828989
27827462
27816637
27807224
27803181
27795444
27795418
27795346
27743345
27707932
27791026
27713074
27782815
27776172
27767007
27766828
27758094
27661735
27752100
27741319
27739468
27714496
27699612
27694207
27690141
27684783
27681134
27679478
27662612
27657178
27654293
27650482
27633136
27632565
27629034
27624998
27619928
27619409
27608369
27584829
27584733
27576782
27572841
27572398
27571422
27558424
27558420
27553660
27545620
27535050
27534687
27527783
27527708
27525812
27525409
27525369
27503338
27494186
27489273
27489095
27487769
27485495
27478032
27473048
27470283
27454606
27453195
27442795
27441401
27440882
27439701
27436363
27436362
27430950
27430528
27426214
27424943
27405930
27389972
27385729
27384658
27374689
27372454
27350259
27340015
27339410
27336226
27321665
27315286
27313229
27309084
27309078
27309062
27309047
27309046
27281364
27279623
27276248
27271655
27270298
27268229
27267995
27265623
27260303
27255379
27252534
27232333
27227306
27211789
27192098
27190176
27189573
27174658
27168450
27162026
27160077
27151540
27149616
27147741
27141956
27122586
27122581
27119730
27110913
27101787
27099314
27097026
27083561
27082171
27076644
27074651
27062579
27057693
27053557
27030268
27012241
27010791
27000533
26993620
26988892
26988249
26988202
26981790
26976895
26976575
26974849
26973295
26956457
26952867
26951657
26947929
26938243
26937034
26935590
26922715
26916998
26916882
26915615
26915079
26914510
26912624
26912622
26912620
26907865
26891596
26890406
26889960
26889029
26887968
26880249
26876980
26874012
26870994
26867176
26863372
26854888
26845764
26837263
26836775
26836031
26833677
26822595
26822594
26819311
26817813
26811446
26810402
26792748
26792744
26784331
26782141
26779736
26778522
26771709
26771381
26763587
26761196
26760775
26757582
26754751
26748011
26746130
26739054
26738596
26738561
26732146
26727660
28484173
26719265
26719244
26717515
26716420
26711995
26711021
26702033
26689791
26680743
26676787
26659206
26658310
26656694
26656182
26655588
26655240
26643220
26631631
26629952
26627108
26623630
26615216
26612517
26609523
26608955
26608341
26608319
26603954
26590689
26586802
26586437
26584397
26583707
26583371
26581996
26567835
26565994
26554921
26552719
26526406
26508590
26468543
26453960
26440103
26426589
26424727
26422258
26417878
26416728
26412638
26412348
26407068
26406274
26404167
26384413
26382078
26381265
26378170
26371556
26368015
26345289
26344762
26341298
26339046
26331945
26329546
26315318
26311890
26305813
26297995
26292325
26291620
26290428
26286690
26281047
26269288
26269186
26267488
26267465
26263554
26259704
26257512
26251829
26251306
26248736
26247472
26245473
26245355
26244768
26243317
26243316
26243288
26242377
26238195
26227143
26226046
26223981
26223635
26218215
26208281
26202246
26196759
26196599
26196128
26193329
26192013
26176773
26169418
26157095
26149130
26132554
26119736
26112351
26111936
26103966
26101082
26094691
26091504
26091502
26090682
26086273
26086076
26085167
26085150
26082035
26079843
26079430
26079277
26079133
26065262
26063436
26063419
26057148
26055368
26053121
26041295
26034886
26030920
26030614
26027822
26027484
26020774
26011643
26011186
25999284
25996394
25992792
25990233
25985905
25969984
25966311
25966032
25965069
25962780
25962145
25958753
25953496
25946071
25940072
25933195
25928577
25909853
25904147
25903329
25899178
25898265
25898126
25897965
25897703
25897518
25896455
25892457
25891282
25890989
25887656
25887370
25886647
25881524
25880069
25860390
25856229
25852163
25852160
25850788
25846491
25841078
25840995
25833052
25833045
25823546
25817403
25811830
25811107
25811098
25804829
25799397
25797606
25786859
25786028
25776760
25776606
25771542
25771472
25768797
25766297
25766296
25766295
25766290
25766285
25751873
25748033
25747773
25743422
25742615
25742380
25742269
25741011
25741006
25740997
25740996
25733563
25723387
25721488
25713211
25703376
25701826
25701593
25695754
25694524
25691635
25677874
25677051
25673714
25666762
25659818
25655052
25653452
25652161
25651335
25649785
25648607
25645846
25645259
25644327
25643797
25635767
25631088
25631084
25623817
25617824
25616792
25615576
25614715
25613667
25609813
25609810
25609805
25609803
25608590
25607458
25604814
25602617
25600759
25600598
25594904
25591167
25591105
25589650
25586179
25577610
25574798
25569456
25567361
25564096
25560020
25557928
25555151
27760917
26954883
25550151
25548189
25547357
25540384
25539729
25539651
25535385
25532050
25527289
25517696
25511561
25505070
25500654
25498867
25492298
25487526
25482497
25470189
25462187
25461850
25461468
25449177
25447724
25444799
25442859
25426702
25425511
25425075
25418838
25418710
25418532
25417652
25416300
25414313
25410995
25404565
25395039
25385532
25378494
25368997
25351723
25349209
25342002
25340711
25340661
25340642
25339773
25339399
25329399
25321142
25320319
25313423
25297528
25297358
25296868
25289523
25275121
25271444
25268971
25262472
25246391
25241691
25232731
25231317
25226523
25210193
25210184
25210174
25210166
25194918
25187542
25184786
25183443
25183346
25180940
25180852
25162520
25160755
25153690
25151061
25148572
25143953
25142579
25124927
25119465
25116957
25114143
25109943
25108746
25101305
25100510
25100179
25079880
25078692
25078114
25075739
25075517
25066276
25064525
25061975
25061965
25061947
25056577
25055345
25043638
25033052
25031333
25026548
25025668
25025062
25024224
25023993
25022308
25019083
25018091
25016480
25008935
25007351
25003973
24993558
24993557
24993556
24993555
24992479
24990416
24979779
24979763
24979703
24978308
24978204
24973544
24965467
24959982
24959929
24957832
24951824
24947513
24941437
24928037
24922572
24917596
24914995
24910106
24899203
24898369
24891509
24889237
24887174
24881650
24878075
24872593
24856098
24848930
24843157
24829356
24829344
24827434
24824623
24824346
24820460
24811236
24807722
24803521
24793875
24788925
24788792
24779444
24778238
24777908
24776918
24767674
24758752
24755439
24753484
24751370
24751348
24750464
24743939
24743564
24741082
24740152
24740088
24733924
24725402
24722680
24718639
24707515
24707514
24699865
24699508
24699432
24696487
24671138
24668228
24664817
24662294
24661119
24659691
24656213
24652781
24647410
24639520
24627184
24623437
24623422
24622845
24606700
24599338
24587363
24586231
24586206
24586153
24576826
24574407
24569063
24565026
24564719
24560697
24558492
24556346
24554694
24553198
24551160
24531761
24528628
24523938
24522919
24522915
24521884
24520371
24520209
24503093
24503069
24501418
24501401
24498009
24497547
24483237
24480583
24466302
24466291
24466241
24463525
24457975
24456010
24446525
24434172
24429369
24415946
24404173
24403592
24403589
24391972
24391498
24388586
24377419
24371069
24371052
24366752
24224820
24356381
24353006
24352068
24350809
24350808
24335312
24335306
24330575
24326875
24313991
24311689
24289094
24284327
24282564
24279698
24278391
24277853
24274745
24274711
24274396
24224821
24224819
24224816
24224815
24257603
24257597
24257596
24244615
24239666
24237039
24224757
24215378
24215376
24214415
24211668
24211664
24210119
24206919
24205123
24204754
24199711
24198414
24188643
24170857
24165891
24160334
24155392
24152574
24149915
24139991
24136722
24133191
24130481
24129600
24116152
24109242
24109212
24103105
24088848
24086684
24086467
24080660
24079379
24074599
24074585
24070983
24069856
24067651
24055604
24053661
24050651
24050495
24049169
24048220
24047612
24047513
24047510
24047399
24029490
24027333
24027325
24027321
24015903
24015368
24007444
24003154
23997307
23993779
23986117
23977065
23969217
23968540
23967903
23966381
23965808
23965623
23965618
23963184
23963181
23959028
23951116
23950563
23948557
23934125
23926347
23924955
23917311
23903831
23897131
23895699
23894575
23891155
23886669
23886034
23885074
23883840
23882078
23874699
23874653
23873548
23864623
23864615
23864613
23860768
23860766
23860384
23844261
23843978
23843645
23843641
23842497
23839219
23832466
23830774
23824819
23824818
23824816
23824815
23824808
23818849
23814353
23809474
23775179
23805213
23804642
23804635
23800580
23799150
23779115
23778667
23776615
23768089
23763792
23762234
23760233
23760232
23760189
23759670
23759505
23749967
23746830
23746829
23745712
23742717
23740978
23735533
23725858
23725694
23717460
23717200
23698299
23697471
23696893
23679923
23671418
23658611
23645684
23637827
23637412
23637398
23635025
23631726
23626667
23621918
23619279
23616660
23612841
23611846
23608630
23597879
23589018
23587221
23587185
23577628
23577160
23575317
23575174
23567818
23555632
23555271
23551973
23549796
23548712
23544079
23536663
23535299
23527158
23516501
23514882
23509122
23498956
23496867
23493558
23493002
23486663
23467933
23459660
23459475
23458714
23457559
23451169
23442314
23437217
23437033
23436652
23425961
23418535
23408622
23408613
23397331
23391183
23388708
23382435
23382434
23382429
23382427
23382426
23382423
23382422
23369604
23365443
23357777
23351374
23347451
23326573
23326447
23325689
23320646
23306655
23302696
23300455
23300444
23297216
23292107
23289427
23285143
23283950
23279900
23279898
23279897
23279895
23279894
23280098
23279962
23277504
23269805
23266238
23264438
23260983
23255810
23255802
23251479
23241388
23236279
23236176
23236060
23226433
23209653
23202424
23199027
23192875
23192869
23185975
23183209
23181491
23155017
23152755
23152521
23145046
23137647
23137010
23135678
23134595
23133677
23125526
23125327
23123011
23122276
23118459
23115280
23113329
23110802
23110398
23104232
23093596
23087121
23084925
23077315
23077314
23074274
23071861
23063406
23057530
23055004
23053629
23051710
23049973
23046130
23043180
23043179
23043175
23034586
23029425
23029335
23028645
23028314
23012478
23012237
23009169
23000577
22995831
22993190
22971819
22971326
22970161
22966122
22952832
22952752
22951836
22949624
22936969
22930808
22925485
22921315
22917957
22916112
22913369
22912693
22885358
22885205
22879622
22879618
22879613
22879607
22876294
22873593
22867041
22866955
22865108
22862843
22851656
22851649
22843856
22843854
22837199
22827898
22824586
22818871
22815274
22815146
22811535
22809862
22808250
22808159
22808012
22791604
22790607
22790606
22789506
22788742
22768236
22747716
22740390
22733886
22733885
22733882
22723414
22723413
22723411
22723407
22722239
22722205
22722191
22719948
22719870
22718832
22718569
22710372
22709552
22709385
22696653
22694153
22693576
22693449
22685299
22682293
22675507
22674977
22673129
22672977
22664977
22662275
22661221
22615729
22615367
22609437
22592261
22586446
22583661
22575875
22569196
22564359
22563505
22563453
22561866
22561367
22549831
22546494
22532796
22532695
22532693
22532672
22528162
22516540
22516302
22514639
22500934
22496802
22496742
22496231
22491461
22480220
22474359
22470427
22452923
22448011
22446628
22445963
22443413
22440915
22438920
22438558
22438541
22427902
22426230
22424634
22419161
22412998
22398283
22381928
22379077
22377052
22374988
22371588
22363750
22363747
22363521
22362027
22359533
22357404
22355715
22355413
22355331
22345462
22345446
22345442
22340192
22337637
22337627
22336333
22330124
22323117
22305467
22301136
22295077
22292088
22278240
22272272
22260817
22258255
22243670
22238617
22235265
22226809
22221493
22220216
22217077
22215997
22207739
22204735
22203589
22197172
22196942
22194944
22194826
22192630
22190726
22187135
22184438
22174688
22171803
22171260
22166074
22162994
22160942
22160937
22160768
22157883
22143798
22140569
22138712
22132146
22131311
22128380
22123308
22118629
22113008
22108585
22107789
22099092
22090133
22090129
22090115
22084096
22078166
22076498
22074911
22072785
22068881
22066850
22063822
22057727
22056389
22052881
22051819
22050764
22046595
22035148
22034587
22028909
22028800
22028647
21989112
22022458
22022351
22013054
22013031
22012020
22008513
22000349
22000086
21999472
21997938
21995516
21992186
21980538
21980293
21976652
21974815
21972551
21966421
21965658
21963871
21955356
21946434
21937653
21937642
21937639
21935413
21934005
21931841
21925551
21920399
21918493
21917980
21912666
21902821
21901097
21900876
21896207
21894383
21892996
21887318
21887216
21874745
21874012
21865430
21865253
21858124
21849519
21849466
21849451
21829533
21829185
21825167
21825125
21820468
21819109
21818336
21808957
21802983
21801626
21799795
21799726
21795332
21789196
21787390
21775456
21775331
21771285
21763464
21761594
21756308
21750542
21749770
21749767
21747392
21744829
21734052
21731753
21731491
21730113
21727639
21727184
21711553
21705379
21704378
21699556
21697989
21697484
21697468
21695237
21689434
21680519
21680505
21673160
21668665
21658737
21651796
21651738
21651737
21637809
21635924
21628810
21622573
21602612
21600019
21593267
21593168
21592407
21586098
21572517
21571048
21567417
21561909
21561908
21559081
21543559
21543352
21533248
21518969
21508188
21507270
21501520
21496194
21483816
21477138
21477137
21471334
21470481
21470465
21470462
21470455
21467795
21464940
21458512
21455300
21450071
21445292
21440841
21430049
21426589
21422222
21419468
21418614
21418598
21415025
21408010
21407805
21399690
21397290
21395187
21392488
21392463
21392439
21390205
21388650
21386964
21382522
21382518
21373190
21342562
21368557
21367898
21364978
21353280
21349290
21346026
21345953
21345319
21343149
21333316
21331891
21329187
21327896
21326879
21325408
21324869
21321237
21315056
21310090
21310053
21307198
21306576
21304166
21291607
21291602
21291599
21289470
21288815
21276870
21272297
21263046
21262183
21253602
21232632
21226922
21223836
21216958
21211019
21209922
21209916
21209885
21208927
21203993
21203971
21197227
21195732
22696672
21191006
21187630
21179403
21178950
21177926
21177678
21177643
21173241
21173148
21172786
21172021
21163739
21160224
21156041
21152402
21151876
21150134
21148493
21148492
21148491
21148489
21138541
21135188
21124942
21124818
21124053
21123376
21122225
21122219
21122209
21106781
21106732
21097900
21092107
21087581
21086120
21084628
21084523
21084483
21084473
21083933
21078137
21073586
21068250
21068184
21062390
21048522
21048109
21047959
21047957
21042591
21040570
21036781
21034722
21029559
21029557
21029534
20975994
20974907
20970464
20959296
20958935
20958928
20951165
20948168
20947115
20943966
20941384
20934458
20930705
20930526
20927364
20920297
20886082
20885984
20885781
20880564
20879894
20864744
20875299
20875295
20875294
20875275
20869738
20865125
20844229
20844044
20843374
20836794
20833142
20830295
20826691
20826688
20824086
20809948
20805638
20740680
20739532
20738882
20732458
20727188
20723216
20718801
20716816
20709346
20702645
20702632
20696044
20689043
20686654
20686094
20686037
20673942
20671661
20668122
20668069
20667110
20661429
20660186
20660098
20655872
20644650
20640805
20631138
20627352
20624713
20610681
20601494
20600474
20599692
20592108
20592084
20591155
20587208
20587196
20587181
20587176
20576101
20574518
20573832
20567599
20558710
20558367
20551981
20548780
20543005
20538856
20538598
20536820
20523902
20523898
20522774
20519409
20519408
20519405
20519385
20507776
20507742
20498316
20492658
20463062
20462157
20460659
20459681
20454662
20454455
20445182
20444896
20440548
20427525
20410266
20409390
20409386
20409371
20409211
20404455
20402417
20398268
20395936
20394718
20394715
20392920
20392847
20385097
20383540
20375547
20375007
20370800
20363752
20350949
20350405
20350402
20350392
20350163
20345239
20336728
20335251
20303563
20300625
20300536
20237080
20215134
20215131
20229648
20227102
20220172
20220153
20219907
20218988
20202427
20202225
20200490
20200248
20194700
20188299
20186344
20185568
20181719
20181699
20181685
20181276
20179772
20174643
20167132
20158979
20155220
20140252
20133840
20130063
20129961
20128447
20113582
20113569
20106926
20094026
20080770
20072619
20071565
20067630
20059763
19958488
20047763
22432581
20041240
20041223
20037716
20035121
20034647
20032626
20031069
20028826
20028125
20021501
20020057
20016036
20016035
20015998
20009423
20007271
19961678
19961677
19961611
19954514
19946785
19946717
19941799
19941797
19939933
19930669
19930664
19927989
19924254
19924230
19923564
19911053
19910911
19905033
19903212
19903211
19900932
19900931
19896684
19891786
19889906
19889895
19889765
20084338
19864470
19864389
19863790
19858482
19857993
19855824
19855818
19841740
19841738
19837850
19833372
19822741
19817019
19797750
19805083
19798682
19793828
19788831
19788823
19787384
19785758
19779555
19769786
19755201
19751601
19745803
19743921
19742325
19737421
19735217
19733889
19729846
19726611
19726556
19716471
19696719
19693661
19692471
19692402
19682381
19656985
19655084
19651908
19651904
19645639
19644442
19641000
19637916
19628241
19625397
19624918
19618628
19601584
19597152
19591792
19591791
19582546
19578121
19574347
19564898
19564632
19554084
19553585
19553328
19553321
19553313
19553312
19509432
19551820
19535120
19523305
19517011
19501380
19496844
19496843
19496842
19483041
21352760
19476650
19465683
19464724
19464126
19462010
19460286
19458903
19457254
19453470
19453423
19440354
19435505
19430529
19428589
19423871
19423869
19422769
19421326
19407739
19407738
19403683
19403682
19398171
19394063
19390508
19390154
19386124
19383794
19380727
19373198
19362222
19359528
19351406
19349520
19342072
19334055
19331731
19325912
19323631
19321726
19309695
19299601
19297607
19297491
19297482
19295921
19290041
19288052
19287490
19273672
19270752
19264805
19264775
19261802
19258250
19248288
19208143
19239760
19239752
19236725
19216793
19216739
19215715
19215710
19214161
19209725
19203576
19195676
19193808
19193272
19193257
19158265
19158010
19155185
19133796
19131426
19124660
19122391
19117585
20701864
19116358
19116267
19116076
19109467
19098983
19095481
19083267
19079180
19078922
19077274
19077185
19073731
19052090
19046518
19039768
19023375
19020111
19019697
19007960
19000628
18992907
18989614
18987140
18983930
18976580
18976562
18976558
18976556
18952105
18941631
18931064
18849179
18845822
18840963
18837987
18836532
18829764
18822145
18819672
18818732
18802085
18801714
18779858
18774155
18773534
18769709
18767420
18765801
18725937
18725925
18725644
18721995
18718489
18704172
18684820
18681973
18672252
18654625
18653201
18652681
18647721
18632129
18625765
18619884
18598616
18585748
18583957
18573280
18539366
18535658
18522305
18516303
18511426
18508975
18507914
18507900
18504518
18497857
18480230
18463694
18460842
18451985
18449194
18445425
18445376
18445375
18445341
18443931
18426396
18418375
18404209
18403604
18400009
18394282
18353965
18353939
18315855
18325269
18325125
18321967
18320936
18308356
18307758
18301773
18299250
18288077
18287068
18285670
18272760
18258102
18256223
18252107
18235504
18235503
18234791
18218105
18216109
18214186
18205727
18202945
18199784
18194088
18193665
18094536
18093945
18077726
18069885
18045494
18032723
18032512
18030326
17997603
17987964
17973072
17967456
17959657
17953096
17953082
17942644
17942562
17941707
17936324
17922571
17913533
17912363
17905627
17881439
17855542
17728231
17708677
17695595
17690300
17670834
17652405
17652402
17652385
17634234
17634232
17626098
17609176
17596305
17570113
17567700
17553891
17553873
17553279
17553267
17553263
17553249
17552116
17537820
17522226
17507485
17507331
17498292
17490484
17478433
17473050
17442719
17428885
17395716
17376915
17366827
17360548
17354342
17344288
17344280
17326762
17320139
17293896
17287258
17283635
17283627
17267493
17264886
17235399
17229966
17207830
17202446
17192315
17183727
17176581
17167134
17158217
17157891
17140286
17121796
17109289
17075062
17065465
17056087
17055070
17050610
17039626
17038819
17038817
17038816
17035314
17021086
17013397
16987977
16971424
16960341
16943300
16940075
16928961
16912325
16891503
16876846
16873274
16873236
16845780
16841500
16840356
16840327
16836834
16828833
16824249
16801417
16790404
16777717
16757902
16755371
16752481
16723145
16713612
16704839
16704821
16704813
16704803
16704802
16703504
16683862
16626505
16571890
16545416
16537638
16522783
16514117
16495389
16494711
16474140
16474138
16474136
16473931
16424859
16413592
16399712
16371632
16371626
16339318
16333111
16325879
16318694
16318689
16316493
16306617
16306596
16300986
16297424
16272514
16253881
16227287
16226289
16198748
16194557
16192481
16172543
16145552
16140781
16140756
16119760
16103192
16103176
16102305
16081121
16030144
16026813
16026181
16014953
15986492
15977411
15964604
15956587
15956452
15914859
15891794
15890915
15890123
15866076
15858030
15845512
15814980
15780877
15767433
15767421
15731270
15731263
15731254
15711012
15709000
15680418
15673732
15668219
15663860
15663859
15663858
15663853
15661149
15613353
15589841
15508516
15496238
15491293
15476872
15464837
15385511
15380362
15365042
15358767
15331747
15331693
15331690
15310468
15306391
15302215
15280506
15280485
15280470
15254209
15246268
15235128
15200862
15200852
15188708
15184474
15165816
15148370
15113903
15065617
15047804
15033573
15016548
14741372
14724300
14715540
14671130
14671105
14645595
14609459
12954214
12915528
12843064
12805420
12796467
12781000
12768027
12758169
12753908
12748378
12734269
12663810
12620793
12584339
12443895
12438632
12403110
12368314
12350356
12202200
12186883
12097598
12077307
12021367
11991966
11977753
11971759
11932425
11932243
11880444
11878904
11867515
11799173
11779389
11779388
11779387
11779385
11779381
11779380
11773396
11773097
11752141
11739677
11689658
11601919
11562490
11559800
11500371
11483758
11481046
11465109
11437659
11436992
11371620
11371361
11289812
11277689
11264365
11238878
11226857
11226311
11208111
11148006
11130181
11128072
11128068
11128067
11118381
11118361
11118210
11112478
11040132
11021398
11000205
10982381
10964767
10954551
10954521
10941924
10936103
10933711
10933681
10920197
10906206
10888619
10864673
10864641
10864640
10860959
10854218
10846083
10823895
10823862
10823854
10799596
10799573
10725408
10704333
10662623
10578119
10559278
10489344
10489338
10487248
10487239
10484749
10449491
10438836
10438825
10430948
10430945
10405371
10400772
10366560
10359579
10329552
10196246
10087233
10074191
10074171
10026160
9990079
9971827
9971793
9971766
9927586
9927579
9927573
9894006
9882320
9882316
9878611
9767427
9754558
9752760
9733864
9733841
9705915
9705910
9696865
9696833
9658115
9658085
9658077
9658066
9656996
9601502
9557635
9528819
9499106
9448697
9375016
9400599
9362042
9356355
9343193
9336457
9335492
9326604
9312009
9261394
9300043
9223507
9223253
9217063
9201232
9191848
9191844
9185585
9094607
9060710
9060631
9060611
9060610
9032347
8995663
9018149
9251063
8948470
8892928
8870635
8862412
8794308
8769315
8764064
8659126
8648669
8642315
8615031
8610442
8627688
8551626
8548659
7474111
7483266
8534806
7666501
7571425
7571403
7676651
7609057
7793084
7793071
7540783
7789517
7778300
7535862
7897351
7853543
7856092
7529332
8577282
7988705
7966640
7999369
8057456
8189550
8195389
8107244
8107243
7508997
8307947
8192454
7507179
7541651
8230444
8411379
8411368
8228818
8396682
7688826
8327480
8497042
8474171
8445709
8460527
8419645
8246828
1334733
1484872
1433532
1331514
1386874
1378505
1583731
1566583
1314172
1579108
1309913
1370088
1763066
1763045
1920626
1895397
1830112
2056278
2041090
2041080
2033664
1840695
1826760
2019304
1847449
1985200
2249653
2123452
1700833
2398532
2196448
2196382
2378639
2339122
2319644
2300562
2278991
2138396
2795713
2476569
2463623
2974219
2969057
3380803
3378587
2836432
3356226
3334744
2829180
2446016
3586131
3571268
3608984
3782153
3551324
3490581
3771631
3016304
3459155
3700379
3753607
2933634
2996880
2989298
3838173
4094574
6470149
6699942
6326121
6584912
6363726
6690711
6634412
6193288
6224879
6828387
6834468
7151789
7072155
6954536
6278431
7309229
6928614
293742
422240
569645
841864
13397187
18892426
19871683
